00000000 00000000 00000000 
00000011 00000010 00000001 
00000110 00000100 00000010 
00001001 00000110 00000011 
00001100 00001000 00000100 
00001111 00001010 00000101 
00010010 00001100 00000110 
00010101 00001110 00000111 
00011000 00010000 00001000 
00011011 00010010 00001001 
00011110 00010100 00001010 
00100001 00010110 00001011 
00100100 00011000 00001100 
00100111 00011010 00001101 
00101010 00011100 00001110 
00101101 00011110 00001111 
00110000 00100000 00010000 
00110011 00100010 00010001 
00110110 00100100 00010010 
00111001 00100110 00010011 
00111100 00101000 00010100 
00111111 00101010 00010101 
01000010 00101100 00010110 
01000101 00101110 00010111 
01001000 00110000 00011000 
01001011 00110010 00011001 
01001110 00110100 00011010 
01010001 00110110 00011011 
01010100 00111000 00011100 
01010111 00111010 00011101 

00000000 00000000 00000000 
00000000 00000000 00000000 
00000000 00000000 00000000 
00000000 00000000 00000000 
00000000 00000000 00000000 
00000000 00000000 00000000 
00000000 00000000 00000000 
00000000 00000000 00000000 
00000000 00000000 00000000 
00000000 00000000 00000000 
00000000 00000000 00000000 
00000000 00000000 00000000 
00000000 00000000 00000000 
00000000 00000000 00000000 
00000000 00000000 00000000 
00000000 00000000 00000000 
00000000 00000000 00000000 
00000000 00000000 00000000 
00000000 00000000 00000000 
00000000 00000000 00000000 
00000000 00000000 00000000 
00000000 00000000 00000000 
00000000 00000000 00000000 
00000000 00000000 00000000 
00000000 00000000 00000000 
00000000 00000000 00000000 
00000000 00000000 00000000 
00000000 00000000 00000000 
00000000 00000000 00000000 
00000000 00000000 00000000 

00000000 00000000 00000000 
00000011 00000010 00000001 
00000110 00000100 00000010 
